1027,52
1027,51
1027,50
1027,49
1027,48
1027,47
1027,46
1027,45
1027,44
1027,43
1027,42
1027,41
1027,40
1027,39
1027,38
1017,6
1017,5
1019,22
1019,21
1019,20
1019,19
1019,18
1019,17
1019,16
1019,15
1019,14
1019,13
1019,12
1019,11
1019,10
1019,9
1019,8
1019,7
1019,6
1019,5
1019,4
1020,10
1020,9
1020,8
1020,7
1018,6
1018,5
1027,37
1027,36
1027,35
0,273
0,270
10,26
10,178
10,257
10,265
10,233
10,295
10,256
10,153
10,2
10,3
11,21
11,24
9,5
1023,8
1023,7
1023,6
1023,5
1023,4
1023,3
8,9
1023,2
1023,1
1023,0
1022,9
1022,8
1022,7
8,17
8,11
8,7
8,6
1022,6
1022,5
1022,4
1022,3
1022,2
1022,1
1022,0
1021,18
1021,17
1021,16
1021,15
1021,14
1021,13
1021,12
1021,11
1021,10
1021,9
1021,8
1021,7
1021,6
1021,4
1021,3
1021,1
1020,11
1020,3
1020,1
1019,23
1019,3
1019,1
1018,7
1018,3
1018,1
1017,7
1017,3
1017,1
1016,3
1016,1
1015,3
1015,1
1014,3
1014,1
1013,3
1013,1
1012,3
1012,1
490,3
490,2
490,1
20,3
20,2
20,1
19,3
19,2
19,1
12,3
12,2
12,1
11,30
11,28
11,27
11,26
11,23
11,20
11,19
11,18
11,16
